0.6806078392809813
-0.8648415998499657
-0.9617896230313783
-0.0511175049606043
0.44667378762720733
-0.545788725386487
0.11015300394984995
-0.6224978155466305
-0.007491474825619182
0.413434748858841
0.9570411515036987
0.0004911824180087176
-0.7640863653169103
0.9547045720208227
-0.05529733903550649
0.9561163879889532
0.11017986503614163
0.15374792632193035
0.4173151649136351
0.516748022385348
-0.017522907669246912
-0.25975513210555845
0.9805719006990781
-0.18060233697271144
0.43328208981702
0.12948361809255715
0.5246458694201046
0.2504050750743303
-0.8304650429785654
0.09738233451892486
0.9455078143321252
0.3291688078978259
-0.7702079225923728
0.5434526370471116
-0.9910446824034642
0.5741168388966817
-0.2694709780189881
0.5868957244592725
0.5780455176029284
0.3683008179529297
0.9817355692485066
0.6757601811185874
-0.7381516513778024
-0.49419684971426325
0.5535623501182234
0.24757449817030697
0.4907542686412101
-0.1293753855000248
0.41537968590429886
0.5580359899269358
-0.30303689045480486
0.46219089097556076
-0.8570894773219391
-0.5389564273869516
0.567076896241772
0.21476993438675773
-0.3663174749394045
-0.39326395574816186
0.9709417603170523
0.623428734487574
-0.0812186411179312
-0.4583342140980662
-0.4940196990193988
0.0005825111871005095
0.48959497758887016
0.556040856378532
-0.8631640317373714
0.710072424562189
-0.35373917297191926
-0.6113812590177963
0.5783823909370176
0.9753222259045553
0.693050274017349
0.6106223017761647
0.50014641351778
-0.25361272382290756
0.7815155982127286
-0.22212125647859837
-0.5482733782954068
-0.1917481727431023
-0.9623277060807724
-0.08506104607045128
-0.00663399647310281
-0.9611051024714614
-0.0179560770543985
-0.5389169330662724
-0.005665645284699039
0.3272099190404669
0.343706648070659
0.7865801558845729
0.7579942901112608
-0.6684936880647996
0.5329236533383901
0.37060988890326607
0.11709963615716124
-0.5495771324696979
-0.6296756583562271
-0.01783655516040783
0.41650704269878114
0.7545891592580409
-0.03551664396697163
0.19128224592070842
0.9849899061562453
-0.37973626245620773
0.3217351698219819
0.8935153521061971
0.7198031566113541
-0.7799355127873153
0.206329685603019
-0.5477927173032116
0.34979977968871845
-0.0779121504079634
-0.9118610307480783
-0.8653337351906141
0.12246951187911437
0.42782438033885484
0.9234789861820749
-0.43739079847920537
-0.4554749336348014
0.8608992895017509
-0.16329703625418102
-0.9106377012035076
0.5748445621198008
-0.6625164117002615
-0.49608851892802575
0.21666281142565347
-0.6023377046444254
0.8690952207833336
0.38630261488793805
-0.3158394245734988
-0.020649811001948848
0.7736196895196401
-0.018626076523521995
0.4235426707373864
0.40318576299566855
0.5728781926527842
-0.20685795260150042
-0.010737727443754341
0.7758410737977997
0.34485345054534267
-0.6059379253998021
0.6519493072797331
0.40269025494721733
-0.42639248227744386
0.069297155823564
0.010232584876601836
-0.7344787679990854
-0.8033617173743528
-0.04603853893698617
-0.9264016032208802
-0.7485474823550844
0.2083471981174323
0.8170815863776877
0.8725927231800583
-0.22452417109449074
0.8790957958725061
0.8672640247229635
-0.7755909256707585
0.6826968641965685
-0.17022467113740403
-0.3500863613939629
0.9179633676713712
0.4117523638074858
-0.7748213524493175
-0.6853051170876214
0.8692062074662406
-0.04064337818300667
0.5365487981960071
0.4079715830160502
0.895134045830374
0.742532175369776
-0.09274076731363845
-0.5569256837711372
-0.6951859703829475
-0.7011546026699276
-0.6991197546716987
0.7240474057004789
-0.2630406730837438
0.4331617990549006
0.8918380192706574
0.43296370481541
0.8931629228837823
0.13580860503504555
-0.9095501498500074
-0.6775428809730661
-0.17126522062478666
-0.21424266217472732
0.17821619803635458
0.6715942040686991
-0.9799381613405389
-0.17181083861295066
-0.6622092753868196
0.6873950402454045
0.7709283290193023
0.26976734373634814
-0.08846315397617
0.5280886846982353
0.771763281349251
0.5417877592331877
0.7420701569126817
-0.38518111736715754
0.6787335761582851
0.29934775105304956
-0.9969949151946296
0.9079080140183071
0.46367317764380567
0.7692744545767465
-0.6922926222923405
-0.23859279706258207
0.4525427435829463
0.9668573259546371
0.9864468123087222
0.30327587688273483
-0.7157074582214384
0.1892013022817871
-0.407057082035736
-0.44716275679247897
0.28914702271611303
-0.672012590982787
-0.7447293273479882
0.43404373774712246
0.05437184386312688
0.8714410178232319
0.9335794844095178
-0.11533942046341061
0.33692550583759506
-0.9744982669397233
-0.5935006196920964
0.23416768081652428
0.026170888436690465
-0.12939403658089188
0.3690301976244512
-0.35494769591335684
0.337970339333451
-0.151390788199951
-0.07505261994990575
-0.5429049811469087
0.7614253497083443
-0.7402251053607916
-0.5279200223980443
0.3641498232313183
0.2455308586708238
-0.30327407026361897
0.6096564336190722
0.38972076591552396
0.9406726203638569
0.14025312017994107
-0.6871697134924213
-0.5036797725431177
-0.3861104098920016
-0.8329193397926868
0.7215338048493047
-0.09956831534805066
0.033407138737134634
0.974819779474063
-0.5130919967118941
0.26772998661367553
0.02958643647772341
0.8876839519208077
-0.6555216538034743
0.09850626427278053
-0.6052873505351966
-0.4791657502501385
-0.9252664044110306
-0.8484477697001753
-0.7305841115292879
-0.549933798328778
0.016854993048956546
-0.39399408087634935
0.7945859679025373
-0.513812704639586
0.9740375702952682
0.28025339719397424
-0.013029449636456691
0.7590571042842009
0.46590574019543385
-0.8269745943909679
-0.8176776766437541
0.3654873472791158
-0.5242136855468604
0.7034654953587498
-0.0547457953933248
0.5167488238764959
0.2788544849935919
0.5675860451827404
-0.23934040321624317
0.3846390204740662
0.9732790606296469
-0.5502893085327629
0.6838323177620826
-0.02490110967657788
-0.6037732888129335
-0.7003109293838632
0.6766269806883882
0.2656026712006583
-0.7619984804816295
0.4679272568050006
-0.19629920582841454
-0.6503619195331583
0.5631560482720626
-0.34201877175365136
0.6601844379835171
-0.5497795468070918
-0.33679099141546476
-0.7060764679760017
-0.9204089472138921
-0.2871433607086722
0.022809828471125115
0.8172501645981702
0.07552473554091121
-0.6999539789128284
-0.5689335655838235
0.6653893683986607
7.72764280567717e-5
0.7079662500421893
-0.02177403008656409
-0.8519987027689584
0.19170797675111761
-0.0240457668008498
0.19938221223153096
-0.7818416483667567
-0.30363882809747866
0.5645875688490294
-0.4397415305058914
-0.6283128186777269
-0.2616338254189554
-0.9442949413440522
-0.4956424086997697
0.4454530494235802
0.13884328472831808
-0.5323249131039343
-0.3949934270686597
0.8361964032042666
-0.8532734136694691
0.15553317955325952
-0.23643658649059573
0.6392664335363427
0.7990884234025548
0.016352673606764068
0.583789094163059
0.15011633887978015
-0.9718465066551372
-0.21212009221995398
0.6689719018398168
0.03489166036412539
-0.9822844924865299
-0.15021422523724937
0.8377110644997148
0.22160899669843914
0.9986645351025796
-0.06765733558537712
0.8569023507012101
0.8719467223749393
-0.43259595408492646
-0.4828219893308492
0.731493878223413
0.37180988383644586
0.6208454528335143
0.5285789402750458
0.06498147174026947
0.36267755519430755
-0.021894876051933965
0.7674526766564298
0.45849809919395357
0.8237978554588081
0.24330052688803394
-0.06027118089666006
-0.08250075717455618
0.8500330130074116
-0.4160735804775004
-0.25834253944113894
0.04522099600605034
0.664871988772995
0.07474037366569464
-0.3818574550575591
-0.14973196945807388
-0.36632636445701183
0.7139634267127279
0.6192404574528987
-0.04649923437042092
-0.7377619335264805
0.7574301924492166
0.49540827774780904
-0.6037932735906482
-0.5026365617015545
0.3144049997621021
-0.3248183213102769
0.6924950237080154
0.030506465545248496
-0.3704170948026224
0.806346990851458
0.17578651882768281
0.18777073148578394
-0.38060387911164306
-0.7906770137183114
0.7653288954685467
-0.6878134639963474
-0.8378634656700199
-0.9862570496174976
0.581596127073541
-0.3560649427831615
0.9338461455100728
0.8590833885025833
0.10705318050922963
0.6243049904479459
-0.679061709517117
0.9643473237922002
0.9413670757373849
0.6254050328175413
-0.29672222694144823
0.2252489854483961
-0.5589176506369762
0.5049062546805991
0.5640159830786877
-0.789617806958149
0.47205207141302963
-0.1595548770744819
0.16150413950569553
0.0714943917801254
0.36055337120498687
0.9253825109932725
0.2578550192750786
0.11619457757839702
0.3015410761243611
0.7489705113036715
-0.9159976370015273
0.7694710959556195
-0.3049285597171669
-0.9267713149981456
-0.5132938716388917
-0.2467461175374095
0.18875603677867492
-0.18021960546339444
0.7980721844287977
0.3741412294092896
0.16521840230884588
-0.6472090947314835
-0.059971013616776814
0.5833852086541054
-0.4776167417554411
-0.4682979862846339
0.27806932106253845
-0.11004285921546697
0.7277054013288662
0.6719297024732744
0.39726704334870067
0.17574530650261866
0.6432844921210552
-0.4717668496024028
-0.46022981879428637
0.28392339542098144
-0.9688003652570409
0.6944492591637339
-0.45106459556876355
-0.5833026409605344
-0.9994594717612884
-0.5659526085558704
-0.7096750412895834
-0.46328613451684353
0.39276951033260654
-0.1296815053669933
0.16408974125634268
-0.3523912133988907
-0.06144552976170692
0.4702929888987071
0.6504195846445109
-0.9656349174990919
-0.6882334982574483
0.4425759874906363
-0.3607809224640697
-0.612906849521639
0.3636819915638445
0.23285614372735464
-0.18123248404963777
-0.9310290579792508
0.5125610816058368
0.5429811525275656
-0.8768603098299526
-0.6369189874785042
0.07082152009954634
-0.530354419194156
-0.5790307761738396
-0.9746427966043711
-0.32668147413320847
0.025295763809101146
0.9469555320496938
-0.692411441020711
0.2700507367913034
-0.6906422781347827
0.18686048993546844
-0.6931993538947123
-0.6622355752488975
0.48776953659279676
-0.09514712363222166
0.8357890378442492
0.9617700881088691
-0.8112621824338229
0.05152777319103774
-0.3836917393455028
0.3497868734059191
-0.072606243694326
-0.7129292393403777
0.6866403995905963
0.06939431681211294
0.44972128849712645
0.28840475817023514
-0.011941188586355178
-0.22477392917771866
-0.5331910264780753
0.13001221785784667
-0.7981028996779365
-0.30677947176298925
0.0842813487190277
-0.3973661310016865
0.6971669050958078
-0.30140074725261856
-0.30210598136084177
-0.12584313928955249
-0.20263731401096163
-0.4690366860251065
0.34326780854346706
-0.490106317712075
0.728360025209124
0.956710147285946
-0.9807750484764148
-0.23634024957331623
0.8593851912995933
-0.24657367858180224
-0.6828928736285989
0.21093021116438826
-0.04988560822060295
-0.12129443403778928
0.37488799722945787
0.5172808271924862
0.03801465639643342
0.17448783787827593
-0.19839839620616928
-0.5577707098413034
0.8497498988654364
0.5059691420903143
-0.5228590443994912
-0.4398661672898585
-0.5683491328412564
-0.16292469706418156
0.2204326915421959
-0.5111834649609031
-0.38500126453245476
-0.15196147612429112
-0.9409854493979752
-0.0736715411926332
0.5596112379423315
-0.7679361972969536
0.8027647189640565
-0.2845888133972625
0.6634482210547379
-0.29318292234542076
-0.5153730877057434
-0.8258690883368787
0.8849996364781267
-0.6491046489360268
0.6288657500784427
-0.42423975785241974
-0.03126069298218881
0.661793674760069
-0.029445934188074396
0.7284997431905667
-0.7185717060539212
0.44396954275087186
0.6043731210463159
0.477147807148115
-0.8643843962461524
-0.19704080514969036
-0.8013104240493392
0.5172896346454927
0.5728015425311319
-0.5741138226453872
0.4801941727377934
-0.5356988880926077
-0.9175053393847099
-0.021825415145550586
-0.0682378420268317
-0.32169018384409065
-0.7923927605282868
-0.7396464861418268
0.46209679589030705
-0.25189331411125493
-0.5646886758863092
-0.4514784154906901
-0.033066695903384735
0.9124877870823864
-0.4823769677766032
0.06512053786824001
0.6939930687417788
0.09069888161850903
0.06317990920987016
-0.9322844306189122
0.18599588164452374
0.6552497892533937
-0.9311898680426198
0.32407500751026386
0.3117399760529078
0.7957206013380889
0.04718254629577756
-0.6819896085757979
-0.944857222238306
0.7775848767637596
0.05925451984546304
0.13734840546664762
0.7299777088932993
0.8359325247349492
0.053953490606962085
-0.3025442494529833
-0.4791920541868495
-0.5410579011883656
-0.3821448203967215
-0.09533386246185405
-0.14049268395805958
-0.005468464305779186
0.8924079591088636
0.5598706508143727
-0.642884626231736
0.4363263074660191
-0.6196263950436649
0.16824951041200498
0.8559001234310488
-0.11922224342152266
0.02957951482844967
-0.9750723885557153
0.7740777509018297
0.5918775593334329
-0.9290851758099596
0.23476882959514023
0.23808251359080734
0.8584092280536975
-0.5512710401077725
0.25745167464000995
-0.9591670108628716
0.309814160081459
0.37832287112152585
0.8101926684188139
0.0027708724152393227
-0.625097573559277
0.19253674966324885
0.6797566893975178
0.25861175231425726
-0.29583085938232534
-0.04710667085618181
-0.9577932464811791
0.45580333924674843
-0.3215251161595911
-0.021652009528647875
-0.9857500687306513
0.9683477599894048
-0.39985094032804014
0.8624062096926193
0.4729074673050768
0.907443682047546
-0.7837702113737679
0.019394817399919884
-0.8260779566855918
-0.21392544501356303
0.45713320894104403
-0.885358206090658
0.7910899986521951
0.4427824696545941
-0.3435369765230072
-0.7542201688035655
0.35996025355137773
0.4723285581669112
0.0619453099701579
0.9883183477440283
-0.019522454451065263
0.9964263179150128
-0.9986897028340793
-0.3530764836058504
0.8556023857289627
-0.5526936163745959
-0.8560570859811185
0.8559105881738518
0.8446512532970125
-0.5422733247106895
0.4669081785626501
0.7362725179237393
-0.5335963309659411
-0.4649251173530349
0.914765605007557
-0.22519569598552014
-0.27843258519781333
0.3286848636741073
0.785220642265053
0.7563068580020931
-0.05484222117412885
0.5190385572064704
-0.039506058372043684
0.9798100187334093
0.6686035634363441
0.4602898534286952
-0.8085211099000924
0.751485727833568
-0.025197952247483446
0.04469827579052699
-0.42151546823000796
0.5736051520217784
-0.048321949919208684
0.9754126160187382
-0.02322842607117126
0.15143764294768602
0.6017772088645625
-0.5068327641237906
-0.1801904177616649
-0.23503874423835036
0.9026779483352816
-0.7168483859034811
-0.8574062589384754
-0.5976325939729503
0.6728715055938461
0.38830967572999664
-0.8108025435980666
-0.6996173955283722
-0.8328441299935114
-0.33123839359950935
0.18878598662056767
0.7171125763100461
0.08787650166084782
-0.6109341602124785
-0.0857848556819627
0.6557205041110896
0.8029105632936442
-0.45816902702351237
-0.6061052911353604
-0.6893462463992333
-0.6458507614417708
-0.3708500557268519
-0.910532819013113
0.8617811800999622
-0.8854987187535279
0.7425394648057104
0.5381123146176132
-0.8957871488470923
0.43106428003901875
0.7133073175827447
-0.9477322938120103
0.36104710635620063
-0.4762162842563793
0.8514066889342806
0.872115961327208
0.11163181511962428
0.8834421480095054
0.3943516069129258
-0.3490849520996646
0.9388872230438774
-0.5868645722608956
0.38411432037619764
0.6431421319862178
0.06881905619836304
0.20811074699217813
0.2904386664165679
0.6281559612992522
0.3796445452021826
-0.6146408418208389
-0.3020456729579799
-0.4008978508173511
-0.17196191321605325
0.18605263115516602
0.21143629887271542
0.66104291170674
-0.4409214315102217
0.7494940982565479
-0.7995134464379026
0.8861271397680686
0.34709273127325013
-0.48428115174216924
-0.6929042121930615
0.06011405339606779
-0.913058494686757
0.5144648358095874
0.49048756831857854
0.2518394767166512
0.8544269793298684
0.8932303218210218
0.4203293833934556
-0.9874243833698253
-0.957137898194508
-0.2013530497187661
-0.5091375131548184
0.9675037478044424
0.695234408015845
0.46619337214323964
-0.91568167923832
-0.954275012176826
0.39349905770653626
-0.6941788105263456
-0.43274486801808276
0.33172625808489675
-0.5206769319065447
0.9653805275519431
-0.2480900430288251
0.036903056419654856
-0.6559741430321215
0.8153792800641462
0.8135901361379807
0.9495443258822145
-0.9354947223258152
-0.3463495030921213
-0.4712768642004437
-0.4196814131442248
0.6846714874982696
-0.17017220684071144
0.4534913892629826
-0.6156477112781471
-0.9502208706707878
-0.6500877010102655
0.9425182678397515
0.021505743695874102
-0.19386567436941538
-0.05297486354030023
-0.7206886547434774
-0.5650678001205347
0.7191001375377024
-0.03162741624280585
0.7439940164728096
0.9411255035038042
0.030745264588765142
-0.1881123016727808
0.8444233212412162
-0.625290690515155
0.6813971797471441
0.1303805613824065
0.889010396543434
-0.1576942654403466
-0.621067542103968
-0.6147476335217397
0.5803647029466243
0.5675771870527386
0.19357490984784786
-0.9135203897638844
-0.45016383324251064
-0.8721695391124908
-0.346682363082494
0.8804753758621169
0.5394898029833926
0.4754810093411994
0.9772148827811502
-0.18187950805377207
0.16111665287439347
0.8941073889829312
-0.154099778820741
-0.6387488458514303
-0.9836370902785481
0.1721002179503497
-0.21644264586883732
-0.6250027700871617
0.27298837071399396
0.2499421202400196
-0.057827818644081486
-0.758745150156168
0.10074563225488498
0.8091457458569313
-0.9298902465050942
-0.6404490620680534
0.2174557280347189
-0.6814862081910076
0.9883529009002341
-0.8332374666412194
-0.8048630143760209
0.9056024906321556
0.3277939801590044
0.9568320535668948
-0.574453361053459
-0.5225233776856524
0.285382118008507
0.22185346939302386
-0.47846216772435257
0.19605972505257374
0.6026651733916164
-0.7050799612751861
-0.40819770331392347
0.0198683908554389
-0.011653544340970656
0.0820875117019697
0.30028733087781023
0.7400086600866398
0.46846221014399214
0.25110799268871964
0.5467410525312821
-0.0889118341124151
0.48145529032931544
0.3305750269840664
0.7030374380511129
-0.03242306023367236
-0.14563324283411472
-0.9776050759961061
0.39608092923851435
-0.15196937777474306
0.7686634241082049
-0.6022415388173497
0.02137445279952077
0.6819287949333777
-0.15881632737752205
-0.6640926731449197
0.5078293755236845
0.9712026601585728
0.4280813559824441
-0.07329985584257903
-0.697183941979953
0.683828217199971
-0.3782694671238831
-0.9638156135085323
0.6833982265845562
-0.2616946698609761
-0.28402357703395453
-0.8562885835347791
0.4145287226860117
0.1036312697384918
-0.5252045845814448
0.09828726616953976
0.4589208473772173
0.9610589484784227
-0.1073535397659302
0.9955020315470162
-0.33756950318699164
0.018228704163813614
0.06524166713519275
-0.08543899802581456
-0.3035606241252089
-0.7475967490859989
-0.6447769302681661
0.666144637411938
0.7134189288894404
-0.09151600036127694
0.8513740417182354
0.7303154101989349
0.10342611389798528
-0.3107527805700738
-0.6433592068648233
0.43968149558209335
0.09138490719947145
-0.8687272055931041
-0.47283113701080115
-0.12903486196337677
-0.3087142288907283
0.8243334551411525
-0.6964317374629454
-0.3974033135189039
0.494531681370848
-0.7182927829849151
0.11814336963049432
-0.41928853758290474
-0.6763582821654901
-0.4945499748626594
-0.3197999171176553
-0.42415443023434696
0.8072605530578907
0.7808307976351914
0.6303468956913971
0.5128557380589207
-0.8980846215708096
-0.5647854167825652
0.4674068703476879
0.4846723884011095
-0.3619463751801666
-0.525237257184564
0.7375970130509137
0.8578416748202087
0.36513659213983796
-0.8993590495041255
0.16241631298744874
0.0063066998936347485
0.9786249300651515
-0.3339721589553555
0.19329908343354485
-0.9639950172988168
0.40996042024456836
0.8019015515334964
0.4290570498881816
-0.46049788107654854
-0.39513349112858376
-0.7683743115944357
-0.31187974206947344
0.6789350684023792
-0.5407564519904386
0.4128869569585043
-0.9701453331421888
-0.059256217150126966
0.6093811294429023
0.5126032528856446
0.15182755614105736
0.10672106541648652
-0.8516424038952499
-0.7808792799436617
-0.06627915070193335
-0.5471934641506673
-0.6832696544194399
0.8821723759241573
-0.9904493579961586
0.49973083136555685
-0.3345579149467681
0.6283883772958192
0.6087257251714484
0.7468815178713988
-0.5290132816586395
