0.14331560602301174
0.9056311831210039
0.6394409388096212
0.20906681644297476
0.39736138157448286
0.6040017779352617
0.7525752332818806
0.417278274608494
0.9959321806685321
0.1550144896597
0.3585166587196602
0.2468868314989654
0.036615418263222566
0.10264796973440693
0.6265297098972835
0.5221304959979183
0.2517102121957139
0.5723335235836484
0.8710572967507059
0.9806194871194558
0.7148148111957108
0.08197616302274602
0.969245062115108
0.35356606421715164
0.11765197130964133
0.9512543206442692
0.11939964398049141
0.6672922372055243
0.8136056071672422
0.8666171663372244
0.3699276675616615
0.27930225882801896
0.553322274069045
0.5476597886597688
0.9577175365477586
0.39638084694769027
0.8923839371022934
0.14590796293101105
0.6061392665257255
0.37813981904295435
0.41660423396585866
0.9967768151701722
0.38458132302551606
0.7355263699826248
0.398074466979907
0.512988216260237
0.14131520001546205
0.4003389103432181
0.5893440832052154
0.6205327678371375
0.3328067177819599
0.894195518774486
0.6213106749309794
0.46899632644983025
0.51003165148157
0.5266761528701368
0.7754323791432671
0.8700326363245083
0.6443641458148521
0.11096428075965847
0.8963390550869967
0.933211347066171
0.6951416981198166
0.9533647087495801
0.7739890292930637
0.8208169634370304
0.6204853398026537
0.7482906125746946
0.47482080619811573
0.4273957342543723
0.8716610714737867
0.11854980183769193
0.2355518671834601
0.9070841367603908
0.1832034096861912
0.46029465442093487
0.7374393525846921
0.9027584657335211
0.31443465684239036
0.995007528249053
0.7495916443397106
0.539525584073146
0.9547530242695327
0.025818245038979004
0.14059420334178419
0.07435234336898666
0.07934684099843514
0.6490485860206927
0.5635233810719401
0.8316987929145356
0.8753909254071822
0.6833621601849219
0.6197404093136596
0.852975145962016
0.5901026311157335
0.3814798434805142
0.5090003020778865
0.17594334057076177
0.17077867514664336
0.6730572947948819
0.09606648607782964
0.8795785627306826
0.7789232345439929
0.007993639774904526
0.8400618907964152
0.9447962106105345
0.49830625138643436
0.4892623423662723
0.6479913980259571
0.7084000811463536
0.04734802413296757
0.4158046006485502
0.7006010912004962
0.3043783394105847
0.9742308874989118
0.8550187098324717
0.20595497067533308
0.9830761110798945
0.49869320174753684
0.929260263513123
0.3234379276222421
0.09537626525588583
0.8736023048277219
0.37879673597982655
0.5731702556943076
0.05185439655945634
0.7167839070483497
0.30354062363222944
0.9299627816124293
0.9467097686456215
0.19393449809567553
0.29226031058515034
0.7967397919859771
0.6091695908576605
0.12208237310888481
0.6822318879389165
0.2641977683136787
0.8066897415164317
0.414020410551047
0.6033232801327577
0.24182855870617315
0.10683927667326254
0.3712985443317506
0.6836218863315563
0.2870913811812088
0.010445138592830028
0.6931952722213611
0.3486166418796458
0.7203488513116938
0.4197823056392417
0.3942451328040556
0.14940353884906554
0.8505187176442978
0.7413359319440996
0.1098795135159214
0.994025818813788
0.24013954466657572
0.6744490759019532
0.29344550639397526
0.25538508343016986
0.9606930824251424
0.8445323225987271
0.07243748006128803
0.9451755878230231
0.9888182414350073
0.9286801962170285
0.07676504313647603
0.37002310676876593
0.6802738971829805
0.738495767721968
0.1755330217237615
0.6585811212343525
0.0882989942836141
0.3204362408974498
0.3783274680989097
0.34294494551797494
0.3394537466628951
0.20860361414547424
0.10058471328447505
0.09864187424260551
0.6134241764369244
0.11056166827058911
0.11512183300567058
0.11870448921841603
0.27190004614513585
0.3003768423377383
0.8728791406911344
0.1868994201865064
0.03493497526311584
0.1922616663692086
0.9022585957399567
0.15891329362139406
0.005216677652415513
0.3832843728041362
0.717663726574676
0.982639970277038
0.6819941908445504
0.3613663123782471
0.3815885458956909
0.30461093611573087
0.8870783610271169
0.9470188691230494
0.47170687464676775
0.9498668270961396
0.15565893026639177
0.3172595297389683
0.04907552151080519
0.7658826784588441
0.3653337295279748
0.9670876542775596
0.3773550105383632
0.14835020568103552
0.5261595174509276
0.7776824823421719
0.3921359971472256
0.563889512736705
0.10373557097685415
0.6876201080468095
0.8852659377062883
0.2211994075442183
0.6023323948682754
0.9038710763672647
0.784369692078821
0.16500798147216067
0.7828148006082073
0.5235635059244388
0.7982683023692212
0.0992134851618931
0.34323044525920876
0.0886087540106345
0.21966287023097542
0.27380707191482334
0.5940291070676785
0.6359082240668196
0.4910893110656208
0.39320658946355436
0.5493293399454834
0.5010839734198553
0.8040267765390785
0.5173298657453312
0.18260073014344758
0.9223403952596615
0.23555356621538137
0.1160299637216956
0.18547310045858256
0.005352681712369911
0.7183251590905262
0.8285437039621409
0.6541249842508069
0.4514054759298223
0.3976458570866762
0.23376151009827872
0.005450556838264342
0.8829636018484678
0.800412949846181
0.8509852793367564
0.0740675686527621
0.6261395705428079
0.39120971111466407
0.6276333470438765
0.21069802503800994
0.9020055405940937
0.8911506941224524
0.9815826568287142
0.6965026315899779
0.038208772933097546
0.7593777277981759
0.47773487005836646
0.11174927789165112
0.10773639398680956
0.5920145133975855
0.36914612249143397
0.19549436616964444
0.6422258794640603
0.4564893705435258
0.37519391152860826
0.3104643066775763
0.09148165858054058
0.10621009548391813
0.9964725086429712
0.27395690636045333
0.07425561614565013
0.6064369706079741
0.23898832744640075
0.511961925275744
0.506223381747938
0.3209036030583797
0.1983189458170831
0.3202463095658532
0.5063531440012666
0.6353806432918495
0.65280930435348
0.7124119534412496
0.15027830647780294
0.564753372117966
0.656272767001492
0.7449191009223984
0.5174257177195193
0.009131346226098569
0.3856148581728275
0.2801075985397332
0.5087166226232887
0.5286547967138356
0.9499698141268532
0.7988524998791086
0.6606269929358104
0.38023049621582816
0.8255309202012874
0.7096076877883356
0.6893726780972433
0.8563369644160663
0.11810399800631433
0.050319810740056314
0.39982777460361707
0.15155180711701166
0.24046674499608245
0.9533606996694796
0.3370056940488383
0.15446454118558872
0.008639171324392736
0.9316002461605403
0.8861091219306777
0.3437602633987834
0.39728545832721407
0.15683086547954328
0.8895100900495582
0.26434643646999
0.5452549504094367
0.027398256847396718
0.21913867138711784
0.12966571272235627
0.8927101320492183
0.36827404055247037
0.948973259555075
0.7688980326112068
0.06165128517832286
0.733813564427362
0.044935290936782835
0.31675912555651486
0.36744158234183744
0.43092149118823364
0.7886731152817594
0.8243359419575205
0.46094720937866596
0.34141431191701765
0.22286265446827846
0.29631381580228167
0.4030837297937132
0.9130708110553734
0.5727683375542716
0.07580105460015274
0.27240119344333025
0.3158333438929781
0.07365273736521938
0.15491324500752846
0.8205578617235308
0.8873140535045619
0.41047102493072085
0.12515211692177897
0.2817701171709378
0.3221875337130894
0.8797016967201116
0.5290490147393448
0.125957453872109
0.3821286280029279
0.8812168042287797
0.1284191986466724
0.4976854185382289
0.7299506159990246
0.3677410112885505
0.49606255514562647
0.2724333350250938
0.11431601088227616
0.3955116539262703
0.46279510009668556
0.1933822034206738
0.4768998504545159
0.0429040243481853
0.3476675883597914
0.7876717303449655
0.168391339070443
0.015590272576339492
0.8623751200527613
0.4232897320522707
0.3692390484205291
0.5054825889912723
0.533549272532081
0.8905632181148578
0.7286905106387924
0.7726744433090506
0.09220010066441942
0.07149519383550795
0.4002467251011175
0.2644555700914918
0.28066033850879524
0.44340487096089043
0.42213214375520514
0.10834774427223948
0.8054223929820618
0.12071264226008271
0.9358386374249139
0.3200634903157986
0.3672371800057127
0.7264821133094996
0.7117612161996991
0.0584859125130186
0.6983836416014834
0.13652583500887083
0.019955477383768017
0.5493799200528079
0.9445701524453652
0.48759942221745456
0.8386918900692122
0.19327985119752056
0.5098577934177951
0.15346461884856122
0.1330201032870989
0.22784261836733055
0.9479902528546875
0.8662886023117975
0.10206395714659999
0.7771165228097341
0.05156136277705814
0.8647869264102303
0.7727778415634169
0.28653654359197533
0.03886758957463954
0.5527249779742643
0.4754871556860677
0.1698501104327106
0.8834440374629853
0.6323876739712061
0.14076041559988273
0.5218330091100359
0.6532394932236996
0.27609469377562157
0.1413332367060528
0.7828265640137746
0.8050166707657457
0.631114285426946
0.263050362009555
0.704445636600443
0.2523154722289015
0.2416916041405328
0.7069996790779636
0.21925070048484963
0.19201522220526412
0.061882966085645585
0.6424961923836332
0.6570038227247544
0.7827421182463764
0.25056403497886637
0.4799700577775131
0.5637388309803789
0.49950379544658496
0.729712159406145
0.7790243191444642
0.7340489894031765
0.4298247870569841
0.7057971495003152
0.9522209741955138
0.2288529732997382
0.7663834114198
0.7988708837162696
0.16133762281558428
0.4994248381147153
0.8420021754998694
0.7930233357367344
0.5295193656033707
0.4431646000817747
0.21406631958483247
0.9625355364290399
0.2957788442627448
0.4168269812185541
0.4129343230175977
0.5974749235833551
0.5954337227094961
0.009319157445905168
0.05654875807946291
0.7494701045604275
0.39947635017212735
0.7841441718656611
0.38067067842098345
0.16113751850120073
0.6570510254125864
0.9806499989361878
0.5029904095263109
0.27184494424451333
0.9620954055208981
0.8772727921638365
0.11949352338948616
0.6305152085046168
0.590589284114372
0.4117123194678338
0.8476567854004851
0.9389474870051828
0.8680438311841963
0.3408586657081263
0.026396836499340548
0.8258951870610046
0.07077642644107007
0.813196645538221
0.5571504497717663
0.41194351274595364
0.7709914893975984
0.3876257072780721
0.421618689215313
0.619865843672438
0.7477673976878718
0.9154742059917543
0.1251191541710739
0.9751342091799052
0.4484407512475106
0.6117131559936282
0.9750467904674288
0.8229458756578208
0.23983274570070112
0.0006943008434765474
0.3731844932453905
0.008850907131053076
0.3401380987125687
0.8541585497175055
0.9962592419736592
0.7546015460833625
0.6046401220207558
0.17120951223787906
0.8245183330221357
0.2644955390211964
0.5449918575584414
0.7280546548625221
0.7958424049380295
0.6976026091342016
0.7159766001944229
0.5722615763192734
0.4129659847980769
0.9759242950718702
0.14376966336026686
0.1540009456020781
0.06169660976916547
0.19069648600204026
0.1314993108443967
0.28027062726076457
0.5056790267168706
0.03483434410189967
0.7531826629721707
0.23043583340325002
0.0016259785291850015
0.4335802316556667
0.847525610094277
0.8189976672936568
0.33660330574868114
0.9139804994527775
0.1948200019506725
0.23820544858181736
0.43549900200439584
0.7948214395638827
0.16047066898993323
0.3271949289311269
0.3596727630090828
0.5483484983321638
0.012829172170753633
0.6550225557028015
0.6935553103563084
0.6857403191533683
0.9152018126618635
0.8312194728569171
0.9636881108646376
0.7829237695922389
0.09067524739732935
0.5870553359678018
0.8000783840281501
0.6741013871588131
0.5565743336189402
0.8977391598920221
0.6254768100490017
0.27527757796235575
0.8715100703479223
0.6579347713051903
0.13666007442242534
0.3199236075813796
0.5241269314238374
0.33004498697011164
0.5751170013271848
0.33918757385142806
0.1409790428167852
0.12562367099269434
0.4701851749025223
0.7618202877082182
0.1828604003155314
0.6821634869920445
0.6336737313059803
0.16659813157847236
0.9257715570784203
0.3193125625226354
0.20182203039638225
0.763517628590855
0.7465972683877904
0.2784936369509139
0.3430718181247564
0.10020858437431757
0.9234661484256839
0.6688913894492567
0.7807947092744852
0.008384929748392222
0.09925526229212922
0.8387633165750369
0.5249996262202974
0.9732796495083627
0.3005693955555986
0.2450371171656437
0.4289623452814372
0.5616415759625828
0.5011602891293183
0.9634466910854959
0.24001102428794396
0.5264101511920682
0.9750832342709701
0.4021626839346806
0.1329731739777208
0.15316258480296563
0.7584462781770148
0.1755703236871975
0.7112967259402071
0.1734276179893105
0.23057012462367243
0.22733961114719226
0.723483938647015
0.9935452346141681
0.6437948879348421
0.9977705931185684
0.21006760685901626
0.05815138880951143
0.5086567716751826
0.32412475486829406
0.4109321386641319
0.5872243493435104
0.565595078078833
0.1435199696832501
0.5198166140036321
0.7171216450757435
0.1894607021229029
0.4199030087502613
0.8070268831254979
0.07592585261888485
0.8919205210303002
0.8111955304154382
0.7365961467943439
0.6972488704787403
0.7244307930248326
0.987248072617003
0.19682726460828215
0.965312938201821
0.6311589280615819
0.03590465781601726
0.3919246317275481
0.03196345789694621
0.0730944366163585
0.6229843194708574
0.45574176723081483
0.8134494190544018
0.8652828286061793
0.7178925796365707
0.6464493984221255
0.5257529654671941
0.3240672106057334
0.46844125602322695
0.4879782827175594
0.21620914837087213
0.3072198693957736
0.9981100940162594
0.5287229917092776
0.02020361564084716
0.47890437343998427
0.5660870288644646
0.7625898098521458
0.9372138040399479
0.614319270413271
0.896518225287859
0.9809588613151893
0.8737712427622267
0.5130991614564577
0.2515229981560586
0.5278782907420534
0.44311854310320253
0.49225777267329796
0.5221857365401631
0.0842610917873875
0.9051619530245796
0.17711771533655485
0.3536439713087952
0.9961433407272879
0.2216042683604743
0.04018671641168903
0.819275511926949
0.6228539323490668
0.817445669196919
0.4717428212105317
0.8840163459723112
0.8261427028895397
0.2320144203817761
0.9721072895349726
0.9405446201288921
0.9954086791436986
0.264274594794907
0.8362557250522081
0.2669831901674744
0.4788674625159959
0.9385815496714951
0.4324787441624284
0.754033399079732
0.7672157987718551
0.20879038117432425
0.3219648432229194
0.4485999155239291
0.7763418434688368
0.07669194044717387
0.09156482705972002
0.9669204540124965
0.6689932925548292
0.13604538017741197
0.1269031806481199
0.7229063227352288
0.9559392939956031
0.11317905986400723
0.6935480195685461
0.22778316446189273
0.5917904078129234
0.6984822140937076
0.7441192874556519
0.08236823417596306
0.5044547216138235
0.5411727238065535
0.6170553869549931
0.6344992912159793
0.18331757573789165
0.9360482278551895
0.9231992470579652
0.7965841186698706
0.8506055183400402
0.7428751302258307
0.18481540283085174
0.7236848812696242
0.14184415145820717
0.15588414829654784
0.693343805324869
0.7428293206469884
0.25553556812905376
0.1522910146510662
0.5514573898034766
0.29239625299597216
0.36476780323301283
0.5699882138344144
0.36913158259791345
0.7487296305554025
0.7549684962764867
0.7277360628024493
0.9287639059423226
0.5342116194519223
0.36050543256104695
0.23798152554249652
0.6493170784431492
0.8959416056712419
0.3014320699591232
0.3871180122675435
0.22317918688619265
0.37961715094779114
0.48703898997176887
0.23277793377475842
0.9205842242959762
0.6861499327467342
0.1333075638366461
0.44619623307780465
0.39289927769926436
0.6950785197351298
0.7365879010630826
0.3423464945520207
0.8594232520426562
0.9434281916962993
0.14728624163212733
0.406439646816111
0.3919862521163805
0.6632603210533002
0.4934650656581001
0.8651508440878872
0.013183719912053804
0.4826449564041433
0.4207005780762775
0.21949285125673523
0.4436372519732742
0.48606260637056586
0.02657296908962503
0.7484144958757688
0.8812993056653543
0.9418742102435745
0.7192057328200497
0.39879176161307817
0.2995916177865253
0.3414444865700017
0.7052349991462281
0.7201765169151061
0.20032909298929136
0.7890976228310216
0.23814626919924864
0.5909582267031779
0.5645595522323329
0.8342415247610684
0.457136793575068
0.045870441762305814
0.3030561108936326
0.8793583066879224
0.6038099339386868
0.015274448952898423
0.9332943137080272
0.09183295140279357
0.5566563030011124
0.2692085458918483
0.8761384481214455
0.3928292904976525
0.12286391475883907
0.4709667796964774
0.9567831324437803
0.5617726406001357
0.19510164408432784
0.9429838073640906
0.29168817227073385
0.7243061268865827
0.3626262569382447
0.39575531203573744
0.22379837175878414
0.5479871081455392
0.2704734255902491
0.46612574617495106
0.14328814845089966
0.6785906927752368
0.8157696946896402
0.484172625331863
0.09756323382067267
0.03013215274148129
0.9155658660565451
0.13469162461766004
0.4507012493305299
0.6876919379330662
0.5982942041464312
0.4830274495826985
0.17294542974043348
0.6073004278612455
0.21913910602081355
0.8741792352114337
0.037009035742072816
0.7320631861757831
0.7996905695535844
0.559384111739351
0.37331179931413716
0.719475765927875
0.7156842939014852
0.5179519776153697
0.372128722564284
0.8377708306672559
0.383740132239059
0.07701050423599631
0.46644077918804205
0.8857691809009071
0.23128557300710528
0.3160233055694015
0.8161848979814947
0.16412099131157198
0.8911729892650603
0.427738059964315
0.7036957404482885
0.8860307847218194
0.023006684500844088
0.4125008685342263
0.22342206919676355
0.5791433592923235
0.022845361286152555
0.1992155349339062
0.8564535626008116
0.45973763275386137
0.862809777046752
0.8072996065916034
0.29094296134625075
0.1611615302164181
0.09384013549680359
0.020272688590285748
0.09751496240745061
0.47125149082774187
0.4297187112652401
0.5489665783433034
0.9090514227981543
0.7675037961539016
0.5786587200594032
0.8695626621586059
0.3144462119083883
0.02576944711691964
0.5591869070889169
0.6832131616492508
0.6915896153335511
0.6160927389350399
0.9468696310484191
0.3740255263133856
0.7738542693429435
0.496025786495777
0.6644951055833934
0.04280522078555016
0.558942066581876
0.41066284316749024
0.01893206252098345
0.8262774768814637
0.8475149721702832
0.056246507508792565
0.7133933764480541
0.4584947573072403
0.6730270974247979
0.3510083236601027
0.022454146735594427
0.5725673605067448
0.5996338073996031
0.9647081591657327
0.023904555434039798
0.549824660078249
0.8441825971514172
0.8267886044990508
0.30998914452482684
0.5293815156145467
0.7668159637466914
0.9146166940076467
0.45332644931289334
0.33869708231597506
0.9658200342578881
0.6314505071338568
0.8794977576395331
0.5203783427421659
0.12314347078913135
0.675315654449537
0.4958075777847274
0.2331214919010205
0.14544829002915804
0.4242515959985623
0.09409734447746565
0.10252618455315343
0.9025978745639472
0.8621466705002457
0.8587003004181588
0.28964985273559263
0.0786356524309364
0.5893296028631763
0.8761155304849365
0.8343591994052136
0.37474106332249524
0.8897517423924133
0.7632122306200575
0.7945668900694973
0.48867479611101483
0.9566448014454922
0.9324747136270672
0.7138707983374006
0.32893263730268996
0.13526473785881576
0.4620311014404249
0.18189629468582513
0.43137843302490986
0.6124233061592073
0.4196569841080452
0.17576298535841794
0.4191492853643898
0.4584388603681141
0.4586982566661171
0.35230262525815714
0.7787427202058768
0.37269628251478204
0.2891351579918453
0.5095095325786284
0.17776110315620286
0.970345832389996
0.8454604138491478
0.01196101964505869
0.39530539426899514
0.47217739325721764
0.30565628381355814
0.7657010646803855
0.0755266918901164
0.589942975061834
0.5221840506663691
0.29216027181306936
0.7649128871462593
0.7318480978994752
0.25501530962157515
0.6247996532505798
0.2645397386425029
0.7689518104876318
0.6020761768124819
0.9953234500172775
0.03154826304729419
0.8638866738582345
0.7834219802367923
0.9133202834298944
0.8097305119298512
0.7377475780849139
0.912886497066903
0.721334694997382
0.12393847447724626
