0.08336051937137773
0.07128365289087919
-0.012768079740774145
-0.09691837842574876
-0.14467956407127636
0.14933281268995055
0.0711542189765295
-0.0636640335876154
0.07465642221721142
0.07407672920630262
-0.13505765648522491
-0.09921819739449228
-0.0666512494533033
0.05677144370414308
-0.04851524140275475
0.12692397526516555
-0.08395270648385961
0.12881859663022163
0.002758809088437647
-0.05010975240774666
0.16045775980413587
-0.20880519003692935
0.08376221878241386
-0.04400459296550878
0.009979654005618031
-0.016249258477195126
-0.039875708949080185
-0.10565855251168446
0.20258266838125943
0.04508266093840137
-0.007214907395969337
0.07654541499577308
-0.15558646820687821
-0.11590435961835967
0.07418876782764852
0.012526926133888998
-0.03236615154219184
-0.027530433988935638
0.07237694095937752
-0.0881909429634777
0.08792753232210673
0.04590796997215211
0.050303214521420704
-0.13403095321512465
0.029192762079031386
0.005839253040828657
-0.10007215423372057
-0.14179123198819404
-0.010494470991444148
-0.03762582741936321
-0.07515927591660373
0.020194059707018805
-0.021791178435578616
0.025958029957347268
-0.028242541034252538
-0.028123397169244238
0.07824001275347618
0.13747617867193768
0.1612426376010891
-0.020576676862816775
0.13936458002280153
0.0053591460852512665
-0.014379348504487705
-0.010720348362036135
-0.0020424446548752855
0.0036254638536465686
