-0.026368783186747978
-0.028100614705173926
-0.031350191026450314
0.06222802924804344
-0.15807348327017517
-0.0007626292706934754
-0.09276905641985153
0.08249804140234837
-0.15207814862744845
0.10204307228785212
0.08817473810853677
-0.13099204152557514
0.013951542130723518
-0.1120959691463034
-0.04672093217301124
-0.0683313237018683
-0.08543736987194261
-0.09328410877675805
-0.045738904295965055
-0.03996292039732012
0.00812616074562681
-0.0003646925953858758
0.06597055212484754
-0.09544143827962549
0.1574745782943669
0.09003381476190964
-0.19925546573895198
0.02504911714918149
0.12403863539488812
-0.2149477341531516
0.09414628419712848
-0.10727906199711598
-0.09263118866408482
-0.04040809593958158
0.11947451719848964
-0.13142492205594036
-0.08530339190728449
0.1416611581704592
0.024391300934897005
0.01662926352289996
0.10244106512507851
0.010079491223331325
-0.011303802416730254
0.0061386092210940265
0.038392110738960004
0.032619430462634866
-0.11453174024186716
0.007336341343487783
0.08052127529876411
-0.17622783856317242
-0.007436664491089917
0.03199845682140566
0.06335433709439568
-0.04358322813851769
-0.008945000470177225
0.059599442772327815
0.08372435118262346
0.07447646796698576
-0.12768209352263177
0.03689458252717308
0.05218856098584173
0.011916589860617253
0.04047605372199619
-0.023448896815943015
0.008072870424497471
0.004883089699321149
