0.0
8.215402050382181e-5
0.004399873776776531
0.011394300821621073
0.014385916095420725
0.021039922072361605
0.033560323768995204
0.05307195677983145
0.06560771995583536
0.100885114691323
0.10713344716668871
0.12244947927405292
0.1335175059811604
0.1352035925965538
0.13999002704679242
0.17100632539029448
0.19923210645862355
0.2136009309184601
0.24818689856329001
0.3055983393937822
0.3766837414214592
0.4331097435368747
0.43985509992870675
0.5232755441475092
0.555454871304562
0.5663926222561031
0.6572875354585221
0.6688598112821751
0.73561343290595
0.8211265998998556
0.9144919689287576
0.9548045208929352
0.9861370085536691
1.0502692829595048
1.1160834952759728
1.238487942878578
1.2914493558646996
1.4134272376651893
1.4329918999262077
1.5158738929199558
1.5692587355547971
1.6295220122834166
1.783203000493586
1.845409833819872
1.9675963450574727
2.034922004184125
2.123219198325046
2.147863106641978
2.2189046407640944
2.325464816127635
2.439614295037188
2.501875459876203
2.673264611925788
2.7951017577387347
2.8883935983211018
2.9909737704986696
3.098123616116368
3.2595657546536927
3.4447614765805383
3.5835657144202173
3.607649047283587
3.8058007373210785
4.016857919051006
4.177378494649076
4.402689419103865
4.590113932811505
4.793497616796515
4.949135088069966
5.138335633618112
5.259506210151017
5.370141812477641
5.59975718616397
5.63140042301211
5.694934285841384
5.944913123438425
5.996526094780791
6.126208203558463
6.3343708357867285
6.596043757371888
6.689782738638655
6.994619732866624
7.230333947074257
7.398842465487462
7.701449381205691
7.709783747661504
7.7556216156338
7.780494604570833
7.8074890221200235
8.02985500606195
8.22425580224538
8.52179665989874
8.853221367596433
9.124183322762008
9.380769740158684
9.747359077786513
10.001984221582774
10.167209894345433
10.386139329722738
10.45866772312138
10.526734989535242
10.800640780701997
10.841514597228638
11.226853526691173
11.564884065382756
11.568290200684146
11.91986716809248
12.310314936884083
12.515809630913196
12.72122503002899
12.99756303906426
13.305067813798757
13.32692923843544
13.528982378062096
13.869453194743642
14.017739393575653
14.493798594189343
14.907918645964457
15.00938306674334
15.500895142998957
15.756382725635746
16.257985274404717
16.43317569649298
16.48272581469493
16.947737926286266
17.150575433939622
17.458582781543697
17.487780982784273
17.915720366261695
18.107732888128396
18.703744796630104
19.30354016057879
19.426415649023966
19.60687285355897
20.070554102125215
20.424728877107896
20.496484823321993
20.89984218821806
21.05524616228658
21.53660070475459
21.797435256547004
22.192080387084047
22.350486521598654
22.417059084886574
22.640406141339582
23.06593008998786
23.25651066345523
23.26380825384672
23.749149849979872
23.98720246106859
24.474317256952034
24.749138546235727
25.00388320026738
25.103192303987043
25.69488473472417
26.213561201374603
26.287584899443814
26.959912794222518
27.124405436382375
27.577166187546595
27.76253421078286
27.92265334775655
28.568307465599233
29.137813130061105
29.18435359647971
29.76652942492204
30.35596420629112
30.92013468867779
30.966332154179526
31.187371497879255
31.610778771845773
32.08935860222516
32.205423466114524
32.64676718034079
32.707135185569285
32.93307775615867
33.20918410366525
33.46509288584326
33.72148722735433
33.88528229729756
33.96615453015795
34.04577642925975
34.54255988696276
34.6313550333745
34.72461682311052
34.823809121576254
35.05172096591401
35.297973745545164
36.03209411434004
36.193635384829946
36.224364870775766
36.39445628674132
37.205553107385704
37.34767408616772
37.352227863092835
37.686914241257796
38.318184289711716
39.18252993430385
39.7870526633124
40.10871874502463
40.442042588688565
40.704437813384
41.487866970328746
42.348858462059475
42.772105449030406
43.6067308813821
43.739029151908674
44.00769891644878
44.04921050684054
44.68322062360215
44.988958526542035
45.80019166487393
46.10989465458354
46.23382977361088
46.68659629454547
47.37594318854951
47.72229838878393
48.214110461287206
48.30577472002999
48.933715844495936
49.76410536947449
49.97335494168733
50.550337415680005
51.430311362071144
52.19456799756789
52.35216089174587
53.100891173271464
53.60792629665633
54.394225853490795
54.49257823410638
54.83741045095745
54.92724447575858
55.151824245079126
55.43187631009718
56.041549227662365
56.699767355754474
57.21166029207346
57.62261443077612
58.20033478358969
58.72866837648975
59.582254502864316
60.13532375713502
60.33047345769682
61.321169213297395
61.571245759753396
61.69427344882992
61.8914727701585
61.89715781119209
62.662485225678346
63.545810733082725
64.25045637744174
64.73807533623753
65.16730401763854
65.41929956339699
65.42519532858572
66.39249377676745
67.26618569554421
68.19913347463012
68.27988796156012
68.95783195828872
69.37482028654307
70.04813747100607
70.27515913051487
71.2557930156396
72.23212394954632
73.30564371081664
74.05212221266629
74.09215968655813
74.87776746580904
75.35846454663836
75.46723863103526
75.56745124728616
76.1032626230015
76.42521329636172
76.59225305369188
77.16335024108017
77.58144707351391
77.9174863021991
78.18993620778583
78.26926542457687
78.36131678278127
79.22179620172523
79.44605265449499
79.50554733212344
79.98335579241672
80.16581193068443
80.54682522866031
80.91017164702455
81.12480446309125
81.25207488555846
81.45636604704526
81.76195693519693
82.12736386407431
82.50719032169783
82.91029143401178
82.9910120657182
83.30312339765452
83.68576573722723
84.12229893468833
84.42763058997504
84.43305445547084
84.6468347312594
84.78660310680253
85.01392106468973
85.23262480353094
85.58882423468974
85.86930324634392
86.11251123147322
86.243469046021
86.47758425814999
86.64831818739579
86.81214494069148
86.99582031013439
87.01975546906789
87.03154271206138
87.1397793878674
87.18652697417721
87.26731461435888
87.6100438220726
87.7325583861385
87.78664958207187
87.78954113197291
88.10815374150901
88.37780835956042
88.46818106015024
88.5730508232376
88.60903105485626
88.76753201641644
88.80152363723342
88.87045140577948
88.87533129996379
88.91942919426016
88.94823624198165
89.19920243353971
89.31400607251388
89.61760564206796
89.82775244875432
89.84123459515048
89.99586492501537
90.00434739967237
90.06365238653792
90.12995344187713
90.19893165017056
90.33996938487644
90.4977475537566
90.59159137184548
90.65928647075874
90.69439610573353
90.74191756640079
90.8012763834083
90.88328735672758
90.90172227693961
90.90243990839122
90.90718107104838
90.9087229018271
90.91012499101973
90.91911464612814
90.97381067996686
90.98881112776054
90.97784122252149
90.97448195709612
90.96413948382425
90.935346946629
90.81953556220711
90.73032787481873
90.6997575583759
90.59135617498548
90.3277865162506
90.28293368971634
90.0760929352
89.75233105862796
89.59768772542857
89.38745136469095
89.27346490255263
89.22436728537686
89.02328026662114
88.75098607520688
88.63600598676466
88.35790660544995
88.33252181093518
88.12574775018615
87.61690924273957
87.5054348647826
87.49544550518272
86.91171026667702
86.61346459233386
86.35324778431648
85.97146677623421
85.53092949752177
84.7270925647696
84.04243528931893
83.35532097245128
83.2787769392332
83.21952414185083
82.87141224526647
82.6356025847802
82.38117082842777
81.95819226614779
81.53473770139128
81.42292406858104
80.54776735152677
80.40950676043975
79.3412971584708
78.99201830706733
78.59267238359273
77.79529760297501
77.02166413756757
76.9587928825215
76.18827373653177
76.0276947713117
76.00297072612554
75.30533124127601
74.113233907333
73.49672168840996
72.40836984364033
72.14716364583015
71.42967948563847
71.20927028969633
71.01498765369888
70.67246088365226
69.2153580125436
67.86752932134462
67.70793462511006
66.48925589100237
66.40875408493156
65.07432543301717
63.901270057498714
63.47060334454599
63.41197636103685
62.58055476212505
61.86927342307275
61.614752009945455
60.30563691732384
59.38822826181476
59.18431209670052
58.42418900852993
57.48139776315741
57.08728355392361
56.88482770956317
55.76308078051017
54.6306759693362
53.75525085148909
53.39113925220948
52.42357062002752
52.07868008435937
51.74899173603226
50.792247791909254
50.49833730754966
50.24162737234393
50.1590861380606
49.309105349360394
48.45251820822289
47.447529144395986
47.12936675872215
46.528251767983186
45.83774450387439
45.24070344991631
44.39169230036023
43.50379428751893
42.68898326647991
42.2287951749246
41.50185710868196
40.559878045453885
40.334848020094945
39.57097999286428
38.786091117064345
38.63079398467145
38.15034396442517
37.343546236961544
36.601930579386725
36.12486926944525
35.736987803562286
35.554459322542186
34.77420064618376
34.546025242781866
34.23818195502029
33.94162559203098
33.51442988533937
33.100344147082154
33.093930069693386
33.05495707235894
32.56117873125099
32.30775245105871
31.82136105065681
31.597792908602855
31.504593272907357
31.132998540388158
30.607991496873048
30.34646966917419
30.20471071007161
29.713402580188124
29.309579938855734
29.25786816681557
28.993909918282377
28.762997630350398
28.614361211254284
28.346675347601163
28.08995551181006
27.882982579122704
27.806096613338525
27.79982367416057
27.614002529522402
27.60075321800479
27.47219616771057
27.40637356907674
27.373933040444037
27.337606754529773
27.330000271081147
27.326469145798377
27.336475094160697
27.38631605344041
27.504615277740967
27.52733903324186
27.737553288240797
27.854846064109815
28.031801388046638
28.348477165959075
28.652240980098107
28.746755413446373
28.747040503693995
28.905638422736047
28.90949895352891
29.05928062044172
29.463793027543332
29.99768921710043
30.440532338978997
30.818684983056684
30.929365077403162
31.474489838929728
31.65827897585134
32.05089241491786
32.59387115606591
33.20334943815693
33.74718348653647
34.321088344111196
34.789152596667556
35.133548655117025
35.97951004704029
36.10609992769634
36.2380750195965
36.29134612535374
36.458744909955925
36.57373464748182
36.823193640056495
37.27545222735735
37.30613485074862
37.979055594340586
38.18814073897805
38.189576073515916
38.56774326267426
39.301241758684576
40.001075256106866
40.29983377572482
41.12301304013024
41.29998636693091
41.51720147393668
41.90569413466416
42.613354539528835
42.7546886716944
43.039474315028606
43.36076980880694
43.849662709543516
43.86079939947738
44.4113291388709
44.98950197823862
45.55743792360942
46.28483625837237
46.900310765106205
47.57050076022865
48.13245400928655
48.199796345526124
48.613399226096625
49.179795398262684
49.65270734948036
50.03214822703692
50.659885172979806
51.11045698336216
51.30769277928923
51.91986290154653
52.36584777545183
52.44896560079949
52.632305195004705
52.92995465023537
53.106972319749005
53.3738232104017
53.50533291598371
53.55668045574882
53.60673835570661
53.821301925999876
54.185165858824845
54.27463690294384
54.62801455954833
54.94934139218636
55.030909838988165
55.473707174586295
55.61384824360051
55.70319394783249
56.0634128369894
56.38606347442366
56.50140913108453
56.640497277199884
56.67608571014955
57.01194550100073
57.269641159667664
57.57233848734566
57.57556470884245
57.6123224590216
57.91948182794454
58.10839007634674
58.445793893289675
58.54526683859173
58.6326522090026
58.80302068563832
59.02836857218523
59.23139727181471
59.6242758643773
59.72607274014309
59.95262019073983
60.33774365552485
60.48065995630739
60.526048366584874
60.58150400437451
60.85931435570275
60.92501848659694
61.18489062115556
61.24901241505715
61.33914706365658
61.42607519353075
61.70311086569332
62.09773392361694
62.34734832048268
62.72255605626208
62.80632952387167
62.82909110374916
63.01551689829492
63.135865747062276
63.299827872605185
63.54648029699449
63.77976820606173
63.83602978912408
64.03718438935555
64.31248730626484
64.38261412212024
64.54589415318894
64.88613269839162
64.91945490102852
65.31288494910153
65.65895132110849
65.97660698218569
66.27778701322316
66.56525852058506
66.93585580325743
67.0073594092698
67.33057612842079
67.52492758464592
67.53489497734085
67.62966038319664
67.63758528968215
67.65560456789437
67.79353328937192
67.88138805630066
68.04369920134148
68.25778524550581
68.45904804229203
68.65541196715095
68.81578135985178
68.90927274057948
69.04100924146992
69.1701746457737
69.22400711105826
69.30715706161277
69.61575523724743
69.79365270808833
69.80053829659057
69.95623032036805
70.14137305501585
70.40785730923504
70.74487614885619
70.96096212277442
71.27612226842317
71.62486492608346
71.92031923758876
72.08763899321713
72.17153470904522
72.34654417272225
72.48696948855925
72.64142516599877
72.8114242369467
72.84020960340109
73.15831169491057
73.2215788257297
73.34629507893169
73.69717744253607
73.7778430724669
73.79250865816485
74.09037509245555
74.31935860295937
74.61880059081048
74.7843057622349
75.08782804040928
75.36462916097521
75.44209187717823
75.7611160417752
76.0346820955144
76.29236168762462
76.36052622365546
76.57056129482682
76.62898696701929
76.72606867383863
76.91552067557966
76.99622773099748
77.12061613187542
77.2582584786753
77.29836836476443
77.354289459783
77.42817724606658
77.56544746065823
77.5787833980994
77.5952153279314
77.76680506398313
77.87789218027952
77.90211787872879
77.92401602506739
78.0359837011577
78.18935626447247
78.20712225267926
78.29529562335233
78.32430491319508
78.40721218221688
78.51132177866579
78.61906155376242
78.63027096415003
78.70057718578829
78.77145335943042
78.85096082084223
78.9375362749472
78.96192465192588
79.07278988794623
79.18148324811126
79.25685122467617
79.32169646546663
79.38783112503313
79.40414958157604
79.47720330112583
79.4960341162924
79.51613658422477
79.58531780473952
79.64359021227796
79.66013567840709
79.6676773781257
79.68674180786314
79.69236800272972
79.68887244277201
79.67957891147626
79.67423943836084
79.65020104746307
79.60760559163518
79.54807367311575
79.46773614500235
79.42334071812414
79.3929520880007
79.3756312900958
79.32345462592778
79.22425756170821
79.18498691795091
79.13232081595893
79.09982535622427
79.03909072296094
78.9567656307309
78.91320832789106
78.72818954960567
78.57879600682517
78.54685358852414
78.44072237284678
78.35295196951944
78.200954952196
78.03991808035383
77.96576357055054
77.77266363210279
77.55434219753249
77.51925606039023
77.41897812417888
77.31915529866907
77.15007099188384
77.02619349896385
76.81277933059873
76.80963480932914
76.69771810779443
76.60161506719756
76.55077278524115
76.44784564571042
76.33759637162285
76.33156385509508
76.1607420978843
75.96413016078291
75.75837512905557
75.60562589980047
75.52291307134462
75.45892246534919
75.38872556610276
75.25348222770964
75.12163632111854
75.08323945817986
74.92070696443278
74.87512602904042
74.78099777900985
74.70388622484413
74.58556300102711
74.51586828998776
74.5081172457312
74.44692893954492
74.2544107660529
74.11987914989673
74.11635188381703
73.90049122122994
73.87988302567612
73.7509981437595
73.6870329791644
73.49254446022036
73.41004367689713
73.38510696385853
73.28732023174746
73.0744183986517
72.94238779943329
72.89185077052252
72.62385353042947
72.53794364914015
72.33654440302234
72.23585718939805
72.11520181391481
72.0448044149656
71.8703783578253
71.78201668504275
71.6372367230235
71.5932716583889
71.3809799306973
71.12037395206525
70.96111362328423
70.9310338317097
70.9222009102437
70.65925187763402
70.62088622001971
70.48354809925456
70.25117285783458
70.04211569486196
69.86942760295842
69.80595512144396
69.57911140105443
69.49096015840951
69.14159397269992
69.12780875566358
68.8733922868804
68.59626320832123
68.39140930031391
68.25330747643356
67.98541755180793
67.7250066479798
67.54170118486948
67.41011405614556
67.11627005527527
66.97856929660607
66.94988826976974
66.7665740177355
66.40392129900259
66.30885010674024
66.18290168127814
65.85486185390141
65.7894031326596
65.43855105938427
65.25360954210528
64.95026691299374
64.58271133570416
64.57227760021911
64.37891868441665
64.27186967967928
63.982968933670804
63.97165425481229
63.877485491805295
63.50616284910767
63.317320533391126
62.951260653528955
62.58268860670055
62.44027263461234
62.35821292094589
62.310459914094764
62.299836416374944
62.245455260106915
61.97802980325953
61.74303466418456
61.44131249311282
60.91392609741328
60.4763363784586
60.148234882054766
59.66368356017138
59.50303716299446
59.49009692686819
59.199054260379015
58.82693788012152
58.45177048407731
58.13401026608436
57.6374032239617
57.443176859928734
57.060007796419676
56.80101335803845
56.4425457375804
56.41946763414339
56.10696986468273
55.87075042755242
55.86007464163819
55.41364864958698
54.987065303276296
54.96001172032638
54.626267725791315
54.4315917741373
54.17637212765505
54.04773386687298
54.04010301137215
53.873781074384596
53.70599185540759
53.435316652832825
53.42915023651841
53.28229717846749
53.01741463262803
52.74332901652413
52.63523465178121
52.44453118543795
52.154642466178615
51.7824160163346
51.605537230276695
51.476708981155916
51.107933172932874
50.88089550353591
50.58386510072313
50.41491053111095
50.376168802923445
50.19577215884654
50.09016091122433
50.04053135139707
50.00610233014964
49.90593901489666
49.88229624931746
49.85555574751357
49.62728164198559
49.41611045987807
49.238334045732714
49.19116718543788
49.1801283360722
49.108592895416244
49.01142271901281
48.9236838200837
48.884518487994654
48.79754087364752
48.75571428666299
48.756270248562885
48.770516977781504
48.816057888389366
48.87615020166918
48.93917565809167
48.976392724918426
48.989570795852245
49.029833337139394
49.04875989066325
49.10867223225158
49.206776420866376
49.279953518435576
49.31025139529347
49.377381481144596
49.463371200948245
49.55187799314551
49.621910149823606
49.785056310307525
49.8610925187161
49.91887038319903
50.01345725549669
50.04345432742629
50.17833421363128
50.27060093969651
50.271966264321996
50.32389397587937
50.38092032929896
50.42261316348921
50.53356770901233
50.54400641441491
50.632267145203016
50.71413661221904
50.764158651844745
50.891948577312384
51.01456786796449
51.06052342518164
51.17510384020959
51.22118519328638
51.37448636854326
51.50921716300279
51.720350069360094
51.7267962093721
51.93447468423398
52.162074001587314
52.44932930224215
52.72055521413968
52.98789422670716
53.32330984262109
53.59799838164139
