-0.6210527300647459
0.006898193562225652
0.4869398728705161
-0.18382989044429188
-0.007060464024633228
0.24538918223593598
0.8732379134794344
0.34296685532983373
0.02589987802415239
-0.5701443653413956
-0.6843746220314775
-0.7488056793126225
0.9662543338972553
0.9093082492176812
-0.8009673143156855
-0.7374432149080654
0.7880517797917841
-0.034530080591591794
-0.8653128012491438
-0.06026253404342352
-0.020725553521272255
0.41206043862285013
-0.7779017316820118
0.7786574259770742
-0.54241010449679
-0.7343036344939633
-0.527096223665853
0.5977193385042903
-0.8662316662514695
-0.48824486719053883
-0.40779287075297543
0.6927701577586562
-0.572467103292523
0.5980649529412734
-0.003201050842439379
0.3362434569969912
-0.9316673576026748
-0.8243934823623515
0.8459251440706899
-0.5504643994497951
0.8084693218689605
0.7142833065754637
0.7381582261807631
-0.4920696673058391
0.08055727524561584
-0.02540999524523091
0.29792585816810346
0.9404906208667618
-0.6773209006190528
-0.10177317418720433
0.48157094704193626
0.6771899091747882
-0.833017172447829
-0.05443010933272019
-0.7952250742720663
0.23441795908910001
0.7013838643667996
-0.7366528365414637
-0.8024265570416025
0.9610651107780099
0.06458075704526389
0.3611541823836195
0.924248031089171
0.8688976494642906
0.943780601237981
0.04445102814170765
-0.636599532233302
-0.5280402653698271
0.3237869407049485
0.7050962464585944
-0.19777010104106063
0.9432749398859239
-0.28498322940291465
0.9635311596394613
0.06878719239996167
-0.6248280431845659
-0.16163433603747346
0.9561802012892815
0.20199611147695173
0.4490184265587136
0.021269545769487364
-0.9671304618569496
0.9741832014681953
-0.3441253232075199
0.7063681410529827
0.3441007625112076
0.2977285698099499
-0.396308400613836
0.19410383289941602
0.6768732676068292
0.8005897355507046
0.2838689700672292
0.7399190981291193
-0.031202587728669462
-0.3600415508268584
0.15520011123530453
-0.7159134932022186
-0.9057834432011274
-0.34336483015818553
0.8061611339870611
0.5689355865506449
0.04464405642222946
-0.7480440346278934
0.06501955403925885
-0.9217224951616563
0.18394955533907686
-0.39873402808046565
0.8564092491782818
-0.5397000913548409
0.9017946832378987
0.9418648095592226
0.4497929868679891
-0.700353496087005
0.6027322340238834
-0.8009196792143496
0.3093679332513115
0.1364241551616876
0.06034949713031845
0.46914214086122996
0.7675292261209883
-0.7643090409982203
-0.45140603767476595
0.9278813615743258
-0.8489604025316899
0.8018015095231636
0.46371671880895127
0.9881154386736386
0.5799531582407051
-0.4276650635578414
-0.19977832798767992
0.11324043360772595
-0.8896563483565403
-0.8595545710210426
0.775576764251438
-0.4471581935964719
0.53117270625642
-0.6632909385904615
0.934301740813376
0.5606154960440042
0.44615220696784097
-0.44336797979157905
-0.964094186552648
-0.0036354022256916974
0.8653894488370324
0.927654792669701
0.5970000901751313
-0.7171396262265761
-0.135645444192932
-0.287990635357501
-0.6718497015085665
0.23772555969845577
0.5351603625146513
0.6674888283700404
-0.4814995677923759
-0.5187119496359789
0.5400748333320087
-0.015898638879660032
-0.6023664118745218
-0.9947913585998034
0.8439402812691059
0.9688871644179038
-0.78688764778381
-0.3565788644442418
-0.8099509240410496
0.07929570834945943
0.6097069457169473
-0.6164762845709613
0.4589813473602693
0.7313636076016505
0.5668548680333958
0.26738349339823797
0.1631234586246224
0.5384900725150459
0.30771563889469244
0.7098172599196881
-0.052379549643248424
0.48912935359234644
0.980548496798284
-0.027969640194611456
0.3222285609867148
-0.18110705096100888
0.09758219907874377
0.37374669459578747
0.8772395120552285
-0.999803518811236
-0.08862672100732416
0.9590942740297592
0.4597658665350943
0.5938994890405658
-0.4065501701753844
0.7477053244770029
-0.9993973222180033
-0.19828624903325687
0.2777849551668716
0.07957392947082953
-0.1844221144968965
0.6984897879308005
-0.19519492331925337
-0.565986674901678
0.12415349724182811
0.973793225751558
0.6069471280629148
-0.9863678870148136
-0.30472448072725244
-0.9039567452435295
0.9324472214942743
-0.6862909484162023
-0.34441292436642623
0.9445075569493975
-0.8201618345130506
0.4653476931648519
0.7386014880672893
0.8157642686925757
0.675343338483239
-0.6961063777777694
0.04154385449165621
0.7450360476810252
0.8771402555756183
0.727658366138372
-0.06336191936429336
0.6822928126273673
0.5349177916662018
-0.1270725777089603
-0.5036730936055485
0.47450821789148234
0.7775304235168798
0.26514995454810353
0.36282042368836653
0.6337223388556179
0.9033374968121668
0.2202369598410714
-0.2938404876458671
0.07548073876933992
0.9894876215242439
0.9626788946125273
-0.930592812168727
0.9672262128287363
-0.6271181860581705
0.9148790412653125
0.15318232781527374
-0.0958079720464613
-0.8730109814014604
-0.5574590265786907
0.6211224461491167
0.15403011036751568
0.7496451662808556
-0.9840304075746698
0.30005471332027334
0.6961915390683451
-0.6019225989304091
-0.03978044886614751
-0.00891133505865005
0.9506951428037331
-0.36469213956673574
0.213349867943887
0.3935982965469922
-0.35749871956288026
-0.8596187327058395
-0.009330274817478612
0.5060009775405916
0.11608903965877682
0.0635166436577066
0.48090795131503894
-0.8220224823484441
-0.4545458797362223
-0.5768664455327732
-0.4328316039267588
-0.49119945204015014
-0.6136750761191962
-0.9892138187506911
0.05816662792856686
-0.9084727457167925
0.5506282637142059
0.8197612640694845
0.5916480204118881
-0.9979377281893596
0.5110025186767739
-0.8172717388514827
0.8193062455879072
-0.9417567325357485
-0.0030502364452862363
-0.3956245429343277
-0.010461855383207874
-0.4209852858898666
-0.06276107347957072
-0.5175358619239445
-0.8809707122719925
0.12913320365364145
-0.1113295501189353
-0.9274042748133733
0.23775191923682915
0.5363711941021474
-0.6043543098368416
0.030936931507600685
0.7158753096365251
0.8278774622706275
-0.22278488024768617
0.9044353022681433
-0.4641621828644036
-0.8167357234409816
-0.8018187619527892
-0.8144460154477469
0.010693771499210358
-0.89231770127487
0.8444369493454249
0.4925338633418086
-0.7789355222135539
-0.9402302199100439
-0.016358639724744828
0.4595202459245449
-0.6181422545757591
0.8294316663068471
0.3667472273093726
0.9714209330921368
0.5274291380249565
0.49298602418214377
0.5729646353630375
0.17572231216804823
-0.34470852773044314
-0.026955194167007868
0.42059195122060955
-0.8237379391521291
0.1977826240313727
0.11119969463574186
-0.8524766274463069
-0.33856350424893167
-0.5116257734003742
0.7493020133371022
0.9696955397591143
-0.27948937570767063
0.9931399221976094
0.8220214601697806
0.5683470995911577
0.03308693458460432
-0.6228498070339583
-0.3718409883737839
0.3545608091787249
-0.49037378505647067
0.5579662118453381
-0.4765411783024256
0.24497195501321833
0.6204892242601692
0.26076071981258586
0.617257091057819
-0.4019812857360896
-0.4756417398171915
0.6860085253128834
-0.7535434102222607
-0.2592920916003565
-0.562671436826687
0.3140373393597802
-0.003783399193189485
-0.07014847761448517
0.6088662750526588
0.44234283914028727
0.06917101998334951
-0.6937981344852535
0.14242524573698234
0.11306808114637801
-0.22011108512170496
-0.8860827407936431
0.21251957123408038
-0.5842963623031674
-0.8976486180367769
0.08707318548167375
-0.09897707595142236
-0.6745280786993888
-0.6298928364728269
0.33154457587376474
0.4739140477313297
-0.3038997731649362
0.6446195975785531
-0.7818426427649776
-0.7937267843412361
-0.6554503615068232
0.7099597644810429
-0.31255706818184525
0.2676399640669813
-0.29094331395757633
-0.531541325450982
0.464426768463996
0.00842080506557985
-0.6167809588514928
0.3480599081402409
-0.14950516201074615
-0.6737576493013309
-0.5229338871506224
-0.7849544079634974
0.27556266100452875
0.9743598809876057
0.30305137174790064
-0.28701994800463626
-0.45390527354125876
0.1383878351265655
-0.2978295169444196
-0.5261936186502456
-0.3348382813684676
-0.10446550261135723
-0.8220687668327709
-0.28059453932025646
0.45346346472123145
0.6797821320859037
-0.6182410623534966
0.4662919647485657
-0.15909376957672916
0.46527204727913873
-0.9892860828407815
-0.5626144262142885
-0.8944232003393116
0.1863095087845612
0.04429101469587349
-0.054956941949043436
-0.7218163730605367
-0.7209503096492602
-0.8466710434147133
-0.07161860289859989
-0.782576794928902
-0.8557945020012501
-0.925076496843575
-0.8393450127726443
-0.5051279164997462
-0.9246680058617462
0.8697984798864777
0.4641296111307316
0.4306107750532182
0.04792671488265143
-0.649357666706061
0.534338462472834
-0.3975128839290798
-0.10965746643511354
0.8567544296208212
0.33084255520191186
-0.7079659325744467
-0.46505929616118125
0.3823387115377894
-0.006668663433413657
-0.7293934974714236
-0.20852906355898937
0.9285460710830524
-0.729931299042176
0.09330691540889191
-0.19781421928738308
-0.5279973148989918
-0.13814525932499544
-0.5734356349322003
0.16903485966832998
-0.9752196663196366
0.19683409128312035
0.19586616506173238
0.48949419600275124
-0.7594209164539649
0.6785193814149828
0.7969090453640371
0.7266612051387717
0.8032983346113929
0.4956177265005306
-0.2975854146569321
0.8447665139530165
0.6366985779157699
0.6892670520543451
0.025942491640024823
-0.844661789973217
-0.9906913703218916
0.12121268499904225
-0.019244486754552037
-0.9618560314067583
-0.6954358761492436
0.282406538545813
0.5551945159970939
0.007418773940006451
0.8961625303209217
0.5567517479917348
0.3053403397609411
0.8981279037173928
-0.5282549170419877
-0.4719095877335595
0.05831122711982539
-0.39020298944030496
0.4294420891199022
0.5862895533029218
-0.49754114776492364
-0.002773824546758785
0.7117714710450955
-0.7334267107058443
0.5359699609315931
-0.8912598103720069
-0.22232024670866335
-0.9675282905999627
-0.024119786604374083
0.8568912198980347
-0.43998537146837613
0.5008625956632484
-0.41417540443466194
0.8919297083667159
0.22554459372637314
-0.2481688114336924
-0.12800789513933464
-0.7802588872320839
-0.5848805574725842
0.2476194333185755
0.860945746671131
-0.052106290296309865
0.6335797463189365
0.41309378437260125
-0.11305183454907586
0.04691319909268521
-0.5451132422889824
0.6585312089284143
0.7186867152593044
0.9716033739743881
0.8923648295462507
-0.01760023472456651
0.8619890841992499
-0.5633168869708973
0.5273113874369941
-0.38436463247600194
0.37175436938094575
0.4259632227943517
0.13756710114732473
0.04110888408108959
-0.2328047240473723
0.8456426513524145
0.8404682851091891
-0.09571669330467203
0.8384197267782392
-0.42644480801077034
-0.14052183669441032
0.8367084382561809
0.2821936798092446
-0.3485289267459333
-0.9340282477014439
-0.6148031494615256
0.02586331714419421
-0.8774277093088769
0.518582093211772
-0.040785020427544394
-0.7305928992912287
-0.8854628651633485
0.9641371089662489
-0.5247544144488365
-0.00949270976108818
0.5521378483027162
-0.9807896233073494
-0.25775435874124075
0.33341725025040936
-0.6070805577906877
-0.6507675966162012
0.02519716539823813
-0.9753762930322556
-0.3344892375122872
0.7601394047259022
-0.8505383990253448
0.4142205596568531
-0.5342987268977639
-0.4169659134781669
-0.12502930771421883
-0.6064456236999618
0.21672989214992566
0.20467859202957772
-0.5679567634858531
-0.3730651889994856
-0.5032913502262184
-0.03907989903181375
-0.5024121424599741
-0.7239952012272246
-0.9994541620011406
-0.36544198802375893
0.5765390157857166
-0.2681014962973458
-0.702099070246015
0.6081413336038091
-0.94532829997853
0.34651095279636523
-0.09273783783935197
0.3047675121694784
-0.5489397084203949
0.1629961832726856
-0.9180814386334077
-0.7425604566769735
-0.03770332698099366
-0.1373512403389654
-0.6611568732803155
-0.9962742470458661
-0.8067358632063282
0.20575738281818423
0.5469047193698338
0.7821179351394105
-0.3499480335300409
0.4900919250507856
0.13149940122409687
-0.534066827954226
0.0042825321098722835
-0.327206016804398
-0.8371695413679201
0.8684689633616745
-0.15522127744940728
-0.9691615978946138
0.3475488176250576
-0.6215892135894507
-0.7406910836570892
0.9058128188877341
-0.5340920891079393
0.4486174275730539
-0.6549239183739708
0.2795499497315048
-0.4368471106063536
0.06777647072859483
-0.5906728166595829
-0.08270933907740963
0.773814720222473
0.3953809508622246
-0.34780151094032297
0.3775107466275469
-0.3799971422179049
0.7592047458454456
-0.5913560779111453
-0.7040727939131735
-0.8254059147671244
0.27119083197732485
0.40777341949607204
-0.3228668482568473
0.4768708965373265
-0.8560042883266437
0.8942615035439123
-0.15143740031132658
-0.20292743959180415
0.1606238927603445
0.23641794125134585
-0.7776329540660039
0.19768979498140604
0.5799694500778103
-0.9225711156518526
-0.11486825994247374
0.25252696708014
0.8500547504159903
-0.00901935674180998
-0.4188427927299472
-0.5616784961406946
0.32407275488889975
-0.5070650295212829
-0.1374842258366522
0.8990994247977451
0.5457823587015573
0.24883038427700455
-0.08517678224020786
-0.6954858970782303
0.8722813342222335
-0.9131287245610422
-0.8998179119059078
-0.17130737665618168
-0.4407794299443728
-0.9848931582091958
-0.254839646696315
-0.9581821238277526
-0.48128293156062085
0.824419258229766
-0.7817365671089955
-0.2767937355402803
-0.926028275772266
0.9620066603334629
0.6798581126000778
0.6380036618321261
0.3017518520793945
-0.29930858952710615
-0.3491718339619174
-0.01729057752662344
-0.8739673681209295
0.15692072874292662
0.8176125362443865
0.8977107930711989
0.639175238500514
-0.2392492511713875
-0.5097963230399905
0.6091448355573656
0.44285983143736574
0.2694877467516763
-0.6107702100284245
0.4244315589786336
-0.10603489091529084
-0.5361631284734145
0.02595640954345635
0.44271135206973944
-0.3302813558149398
-0.3616839730575112
0.0921426258285083
0.6896712226872637
0.44504830306066334
0.12945873045650136
0.4298812608203344
-0.4535358718207403
0.8993344664745271
0.29951620875791063
-0.0827845942634573
0.25991672359746043
0.5881797607951873
0.056768924158768774
-0.6897957016891922
0.4216993382115761
-0.5884382112546707
0.9182233220982765
-0.9753950424856077
-0.99437241356653
-0.34581030057866724
0.6829125634712945
-0.6637327600944847
-0.5275189053043419
-0.09498918585738103
0.4213829711208814
-0.8246290797694207
-0.10935967683558001
0.965661428110576
-0.014021800854086663
-0.7207050597561886
0.14091389779845076
0.34376292746404946
-0.2563679701373769
0.7559076733318204
-0.7742217015616586
0.27592122741162406
0.17492665573537902
-0.6187800669841022
-0.12406801984089189
0.8710558153135177
-0.6087801227834586
-0.7748458826323368
0.8446475417095447
-0.0037032340443496903
0.9969042530377477
-0.8140445949912929
0.38400165128767294
-0.4016056174374072
-0.0725291600205955
-0.019445806887562256
0.3563954791288686
-0.34153245241790264
-0.17529516244501742
0.4955302299485058
-0.9519566714992973
0.315472772897357
0.5347613577484398
-0.07811724657412067
0.8259625473303407
0.7873438782779902
-0.924038883675568
-0.2056511927753255
-0.08346403271813596
-0.09751709282238785
-0.2985234419707219
0.03843746236839385
-0.5654595792063319
-0.5641881264742332
0.514783256920063
-0.2518792294851713
-0.1409604416801149
-0.5949353879979173
-0.378429348095902
0.6216801795623625
0.2105855172429303
0.24029156479783653
0.4553140089548784
-0.9295730953977797
-0.6808349973724972
-0.4118328024304838
0.18509195007725987
-0.5264351581158964
-0.029389958386387027
-0.36493999131162114
-0.7405358249711589
-0.40515198946218955
-0.8811662503575846
-0.7105429184783898
0.8939358493471161
0.44354659292263743
-0.10659195658729681
-0.1593499770588287
0.5278444628547614
-0.7142137869281879
0.7964237801487462
-0.33004546774179166
0.6029492238347378
-0.4529586355046413
0.14377396610959603
-0.9835829696013179
0.7798643320880101
0.5299356739244108
0.8237034811512929
0.8986573882257676
-0.39740273557403616
0.22571278472538814
-0.5938052866791217
0.3993992300605942
-0.6870583152587579
0.8668783117827177
-0.02032826711933544
0.8975794551399909
0.03489950361023331
-0.09681243539016382
0.790608727978551
0.19343801088162804
0.7270941253646201
-0.5733045285106915
0.36736812142465713
0.7283197453798818
0.8685470993321658
0.28312949799926557
-0.5637242746785602
0.251821050738708
-0.9343573026044365
-0.8540438848672878
-0.16082662165010486
-0.4816431296192052
-0.6987001063387437
0.8775176682705463
0.21836421443304133
-0.7477525300101422
0.30604905653299186
0.6476802095565877
-0.12427279157525795
0.7198124718476748
-0.7381760211205437
0.13555398104935823
-0.1986079996861403
-0.9406287601810668
-0.8940743220203389
0.5633877314979947
0.7666638199603102
-0.6156486038973021
-0.8957293719190937
0.6861988735933344
-0.6300424530675683
-0.2253748201533834
0.8758657423536083
-0.5689489234372367
0.6050309694893699
-0.7039180061200043
-0.1203003605824593
0.9885855544429702
-0.5051061391870546
0.3808472348467762
0.0414650214156016
-0.7665932876063355
-0.9203370281618439
0.7733078719470057
-0.9543598797504407
0.41141552747754084
-0.4648535187712335
-0.9526371613135245
0.7212487932961362
0.38245634355576885
0.6700805729518287
-0.670988431324913
-0.6718481077695935
0.3510747804612335
-0.3769724879898131
0.829520685241308
-0.6051039657449089
0.40597106110710457
-0.10786635477730266
-0.3073624867928435
-0.7554556705040854
-0.419219206806448
-0.6222684745357057
0.6670608289875191
-0.07170275491442024
-0.6693509045978334
0.8673540891921163
-0.44028868747203465
-0.9241677278035694
0.9830173487999427
-0.7014136309424719
-0.945667152424464
0.34262701093384407
-0.8860950185757901
-0.1724266821969116
0.5697617227130043
0.3495100416382986
0.8461528203723654
-0.0923768038636874
-0.5830712181063458
-0.7877339183948933
-0.46038913534965076
-0.11643711146965163
0.39702678129588675
-0.8473535336653815
-0.3986551784909518
-0.022545085743847837
0.9022611143474917
-0.9529003216386802
-0.3236274353280957
0.6939489533242276
-0.7712253009900114
0.6808183257414124
0.918499303322569
-0.5496123592927946
-0.16583391832984895
-0.9405909224044444
0.6884633448137631
0.2805625197287689
-0.7974869331107597
0.6738830269632872
-0.04876628823838369
-0.8519504084834644
0.23347082263599162
-0.2240877001051904
-0.8543380129602431
0.038928143401932624
0.40808416088773947
-0.010707381672527605
0.9863426827190305
-0.20248471779651278
0.350109132912765
0.7624829519700116
0.46903892623471966
-0.11234269622868531
0.8976730559760557
0.48338744602917716
-0.2656633891368845
0.1250234193828641
0.6635931069530465
-0.9980160794530524
-0.695515500569434
-0.24151483399398832
-0.4555393410040185
-0.10824703853916229
-0.8048399030741096
-0.6305844272422496
0.7114284832209605
-0.5661656746636019
0.33882279474757926
0.10265161227735753
0.2948602986002271
0.020352954772093534
0.29012571840518486
0.918319217229741
0.4128140697223026
-0.5718291462020415
-0.1920762175919528
-0.05617091875734026
-0.6685903644107623
0.24777305642427216
-0.3899330274138626
0.2739282421048239
0.5050852399593815
0.5563898756709338
0.11616165669983758
0.24290996235951257
-0.36600533876295605
0.1095546247354775
-0.4468006532094835
0.15720982591506294
0.7756071585055098
0.6336343840171665
0.13998065807599036
0.2695449407205375
0.03328129124948065
0.5942495780549841
0.10200387749727202
-0.9461607556688296
0.34828597994062327
0.2726390808907049
0.8715276634563249
-0.4363840476475609
0.8055460850689078
-0.8052525421415355
0.24721351338116349
0.5645717641886383
-0.668507730744957
0.7397135578663909
-0.5703946518626342
0.19717031149688902
-0.5424165355709956
-0.3683198387694504
-0.4692424904474002
-0.9941614892755704
-0.46702247223325366
0.5552787574474665
-0.15830533211209907
-0.5985353211058873
0.9127276127998238
-0.9158314495261222
0.5556219744406743
-0.39015894681936514
0.330787956540572
-0.028762290474471097
-0.45750202211552393
0.1603966013111935
0.21508951686141842
-0.378423665980282
-0.2647568380639169
0.8085770164988129
-0.18388514457354233
-0.8876281002698787
0.3148156963521993
0.9124356596274712
0.9423653443311548
-0.3086890581570545
0.8994814297495921
0.12330636874027223
-0.22130909304009383
0.6560657901795466
-0.5116495059336286
